COLUMNS
0 'Unnamed: 0'
1 datetime.datetime(2011, 10, 1, 0, 0)
2 133.71803407055106
3 133.94479786907272
4 134.24679298794734
5 135.04223462573492
6 128.58509423756877
7 0.018575375379699208
8 0.018328133440628766
9 0.018471691910973018
10 0.018833176299140508
11 0.018821079288868527
12 0.2863985761764827
13 0.29838550603886516
14 0.28895862034384656
15 0.2923727114931578
16 0.23941727314195305
17 5667.287752743468
18 6410.804791872531
19 5149.162019657725
20 5495.862472854474
21 6759.449978654324
22 115.90884589407685
23 117.9435934054741
24 111.6272990087577
25 119.00983405186435
26 116.00881921133455
27 0.004069545005730797
28 0.00810585631147148
29 -0.008528681003017069
30 0.01213736830842713
31 0.011237342885603156
32 0.15617480008905082
33 0.17967474393557614
34 0.127911088025759
35 0.1733290813828936
36 0.1368532412469321
37 30.401922178437
38 37.7455851217383
39 28.011937096743843
40 26.60944495154924
41 32.44007159797972
42 0.005289878360413993
43 0.005828856181123829
44 0.005337576519216542
45 0.004869512315243904
46 0.00487653070542051
47 '.'
48 '..1'
49 '..2'
50 '..3'
51 '..4'
52 '..5'
53 '..6'
54 '..7'
55 '..8'

TAIL
  Unnamed: 0  2011-10-01 00:00:00   133.718034                                                                 133.944798   134.246793   135.042235   128.585094   0.018575   0.018328   0.018472   0.018833   0.018821   0.286399   0.298386   0.288959   0.292373   0.239417   5667.287753   6410.804792   5149.16202   5495.862473   6759.449979   115.908846   117.943593   111.627299   119.009834   116.008819   0.00407   0.008106  -0.008529   0.012137   0.011237   0.156175   0.179675   0.127911   0.173329   0.136853   30.401922   37.745585   28.011937   26.609445   32.440072   0.00529   0.005829   0.005338   0.00487   0.004877           .       ..1       ..2           ..3         ..4       ..5       ..6        ..7       ..8
         NaN           2025-10-01   279.124405                                                                 290.344326   271.366780   282.471058   271.640149   0.004483   0.003225   0.001771   0.007778   0.010736   0.049720   0.039594   0.051048   0.056872   0.057576  11829.954963  13896.327627 10408.528082  11495.826426  14279.555577   236.528543   257.132542   227.650603   235.674589   193.569415  0.001780   0.000016  -0.000466   0.008769   0.000202   0.086389   0.091170   0.083069   0.086845   0.080480   62.039461   82.290339   57.127015   52.694553   54.128692  0.005209   0.005865   0.005444  0.004573   0.003778   98.530577  0.000543  0.026534  10434.453997  122.484993  0.004046  0.085891   58.47739  0.005873
         NaN           2025-11-01   280.278687                                                                 292.332443   272.397591   283.308364   271.600204   0.004135   0.006847   0.003799   0.002964  -0.000147   0.049250   0.042352   0.049769   0.055478   0.052198  11878.876163  13991.481979 10448.065824  11529.902549  14277.455766   237.839169   257.952350   228.999040   237.391311   195.405832  0.005541   0.003188   0.005923   0.007284   0.009487   0.085833   0.086955   0.083012   0.091501   0.077345   62.383228   82.552703   57.465394   53.078395   54.642218  0.005216   0.005845   0.005456  0.004591   0.003816   98.709187  0.001813   0.02801  10453.368966  122.966372   0.00393  0.084056  58.707212  0.005887
         NaN           2025-12-01   280.705426                                                                 293.493152   272.528524   283.517833   271.601064   0.001523   0.003971   0.000481   0.000739   0.000003   0.045593   0.040847   0.044839   0.051611   0.047265  11896.962415  14047.035323 10453.087886  11538.427387  14277.500972   239.005366   258.886985   230.456402   238.252534   196.809048  0.004903   0.003623   0.006364   0.003628   0.007181   0.079833   0.079603   0.075186   0.089459   0.075900   62.689111   82.851815   57.831107   53.270956   55.034605  0.005233   0.005841   0.005488  0.004603   0.003845   98.824145  0.001165   0.02732  10465.543068  123.765798  0.006501  0.083472  59.088878  0.005922
         NaN           2026-01-01   281.137588                                                                 293.606222   273.363991   283.818258   271.691211   0.001540   0.000385   0.003066   0.001060   0.000332   0.042958   0.037099   0.043432   0.049098   0.042777  11915.278460  14052.446992 10485.133023  11550.653914  14282.239808   240.028777   259.610860   232.053797   238.450898   198.426290  0.004282   0.002796   0.006931   0.000833   0.008217   0.074033   0.071429   0.071391   0.081607   0.077808   62.957544   83.083477   58.231960   53.315309   55.486842  0.005250   0.005858   0.005506  0.004603   0.003872   98.885191  0.000618  0.026414  10472.007922  124.822958  0.008542  0.086231  59.593592  0.005971
         NaN           2026-02-01   281.839600                                                                 294.337207   274.085761   284.559156   272.112890   0.002497   0.002490   0.002640   0.002610   0.001552   0.041510   0.034982   0.042610   0.047704   0.040778  11945.031392  14087.433061 10512.817167  11580.806498  14304.406596   241.250631   260.775999   233.784887   239.033889   198.981082  0.005090   0.004488   0.007460   0.002445   0.002796   0.066733   0.062134   0.067484   0.071253   0.070578   63.278025   83.456357   58.666362   53.445660   55.641981  0.005263   0.005868   0.005532  0.004603   0.003876   98.834878 -0.000509  0.022305  10466.679695  125.629138  0.006459  0.086289  59.978483  0.006012
         NaN           2026-03-01   283.024851                                                                 295.494687   275.696577   285.535429   272.162029   0.004205   0.003932   0.005877   0.003431   0.000181   0.043628   0.036622   0.046925   0.048573   0.038720  11995.265142  14142.831883 10574.601533  11620.538241  14306.989702   242.590534   262.099236   235.161702   240.587861   199.467712  0.005554   0.005074   0.005889   0.006501   0.002446   0.061249   0.055167   0.065581   0.061579   0.065378   63.629471   83.879834   59.011862   53.793113   55.778060  0.005270   0.005876   0.005532  0.004616   0.003886   99.062432  0.002302  0.021848   10490.77785  126.322444  0.005519  0.084744  60.309484  0.006031
         NaN           2026-04-01   283.573277                                                                 296.512125   276.435011   285.549943   271.939184   0.001938   0.003443   0.002678   0.000051  -0.000819   0.042762   0.038534   0.047046   0.043920   0.035260  12018.508733  14191.527995 10602.924870  11621.128895  14295.275211   244.775008   264.193743   237.178044   243.787710   199.726380  0.009005   0.007991   0.008574   0.013300   0.001297   0.059823   0.052725   0.066997   0.060538   0.049575   64.202440   84.550141   59.517846   54.508568   55.850392  0.005308   0.005905   0.005565  0.004677   0.003894   99.230461  0.001696  0.020876  10508.572242  126.913442  0.004678  0.080527  60.591642  0.006047
         NaN           2026-05-01   284.206945                                                                 296.985494   277.384879   285.902163   272.538254   0.002235   0.001596   0.003436   0.001233   0.002203   0.042308   0.038133   0.046685   0.042368   0.037491  12045.365070  14214.184209 10639.357931  11635.463330  14326.767054   246.558401   266.007336   238.707678   246.058792   201.222859  0.007286   0.006865   0.006449   0.009316   0.007493   0.058702   0.050442   0.064705   0.061643   0.054154   64.670209   85.130546   59.901695   55.016360   56.268859  0.005335   0.005936   0.005582  0.004714   0.003916   99.516367  0.002881  0.020419  10538.849847  127.742353  0.006531  0.080296  60.987384   0.00607
         NaN           2026-06-01   284.430986                                                                 296.486698   277.461609   286.658352   274.178623   0.000788  -0.001680   0.000277   0.002645   0.006019   0.038356   0.032375   0.040209   0.041354   0.042007  12054.860472  14190.311032 10642.301007  11666.238230  14412.997868   247.729246   266.804221   239.918048   247.567083   202.667981  0.004749   0.002996   0.005071   0.006130   0.007182   0.057343   0.046033   0.062459   0.066273   0.053304   64.977312   85.385574   60.205428   55.353599   56.672965  0.005357   0.005965   0.005610  0.004730   0.003919    99.76723  0.002521  0.020065  10565.416404  128.761296  0.007977  0.082174  61.473853  0.006107
         NaN           2026-07-01   285.469048                                                                 296.997219   278.356823   288.331732   275.701597   0.003650   0.001722   0.003226   0.005838   0.005555   0.036979   0.029568   0.035921   0.044026   0.046247  12098.856016  14214.745356 10676.637763  11734.340355  14493.057411   248.491203   267.109373   240.766108   248.615544   203.968248  0.003076   0.001144   0.003535   0.004235   0.006416   0.055297   0.041192   0.057485   0.071538   0.059106   65.177167   85.483232   60.418241   55.588025   57.036565  0.005354   0.005961   0.005612  0.004723   0.003922  100.112841  0.003464  0.019371  10602.016894   129.32502  0.004378  0.078222  61.742989  0.006113
         NaN                  NaT          NaN                                                                        NaN          NaN          NaN          NaN        NaN        NaN        NaN        NaN        NaN        NaN        NaN        NaN        NaN        NaN           NaN           NaN          NaN           NaN           NaN          NaN          NaN          NaN          NaN          NaN       NaN        NaN        NaN        NaN        NaN        NaN        NaN        NaN        NaN        NaN         NaN         NaN         NaN         NaN         NaN       NaN        NaN        NaN       NaN        NaN         NaN       NaN       NaN           NaN         NaN       NaN       NaN        NaN       NaN
         NaN                  NaT          NaN Nota: Os preços considerados para o cálculo são médias móveis trimestrais.          NaN          NaN          NaN        NaN        NaN        NaN        NaN        NaN        NaN        NaN        NaN        NaN        NaN           NaN           NaN          NaN           NaN           NaN          NaN          NaN          NaN          NaN          NaN       NaN        NaN        NaN        NaN        NaN        NaN        NaN        NaN        NaN        NaN         NaN         NaN         NaN         NaN         NaN       NaN        NaN        NaN       NaN        NaN         NaN       NaN       NaN           NaN         NaN       NaN       NaN        NaN       NaN
         NaN                  NaT          NaN                                                         Fonte: ZAP e IBGE.          NaN          NaN          NaN        NaN        NaN        NaN        NaN        NaN        NaN        NaN        NaN        NaN        NaN           NaN           NaN          NaN           NaN           NaN          NaN          NaN          NaN          NaN          NaN       NaN        NaN        NaN        NaN        NaN        NaN        NaN        NaN        NaN        NaN         NaN         NaN         NaN         NaN         NaN       NaN        NaN        NaN       NaN        NaN         NaN       NaN       NaN           NaN         NaN       NaN       NaN        NaN       NaN
         NaN                  NaT          NaN                         Note: Monthly prices are 3-months moving averages.          NaN          NaN          NaN        NaN        NaN        NaN        NaN        NaN        NaN        NaN        NaN        NaN        NaN           NaN           NaN          NaN           NaN           NaN          NaN          NaN          NaN          NaN          NaN       NaN        NaN        NaN        NaN        NaN        NaN        NaN        NaN        NaN        NaN         NaN         NaN         NaN         NaN         NaN       NaN        NaN        NaN       NaN        NaN         NaN       NaN       NaN           NaN         NaN       NaN       NaN        NaN       NaN
         NaN                  NaT          NaN                                                      Source: ZAP and IBGE.          NaN          NaN          NaN        NaN        NaN        NaN        NaN        NaN        NaN        NaN        NaN        NaN        NaN           NaN           NaN          NaN           NaN           NaN          NaN          NaN          NaN          NaN          NaN       NaN        NaN        NaN        NaN        NaN        NaN        NaN        NaN        NaN        NaN         NaN         NaN         NaN         NaN         NaN       NaN        NaN        NaN       NaN        NaN         NaN       NaN       NaN           NaN         NaN       NaN       NaN        NaN       NaN
