COLUMNS
0 'Unnamed: 0'
1 'Data'
2 'Total'
3 '1D'
4 '2D'
5 '3D'
6 '4D'
7 'Total.1'
8 '1D.1'
9 '2D.1'
10 '3D.1'
11 '4D.1'
12 'Total.2'
13 '1D.2'
14 '2D.2'
15 '3D.2'
16 '4D.2'
17 'Total.3'
18 '1D.3'
19 '2D.3'
20 '3D.3'
21 '4D.3'
22 'Total.4'
23 '1D.4'
24 '2D.4'
25 '3D.4'
26 '4D.4'
27 'Total.5'
28 '1D.5'
29 '2D.5'
30 '3D.5'
31 '4D.5'
32 'Total.6'
33 '1D.6'
34 '2D.6'
35 '3D.6'
36 '4D.6'
37 'Total.7'
38 '1D.7'
39 '2D.7'
40 '3D.7'
41 '4D.7'
42 'Total.8'
43 '1D.8'
44 '2D.8'
45 '3D.8'
46 '4D.8'
47 'Total.9'
48 'Total.10'
49 'Total.11'
50 'Total.12'
51 'Total.13'
52 'Total.14'
53 'Total.15'
54 'Total.16'
55 'Total.17'

HEAD
 Unnamed: 0       Data     Total         1D        2D        3D        4D   Total.1      1D.1      2D.1      3D.1     4D.1 Total.2 1D.2 2D.2 3D.2 4D.2     Total.3        1D.3        2D.3        3D.3        4D.3   Total.4      1D.4      2D.4      3D.4      4D.4   Total.5      1D.5      2D.5      3D.5      4D.5 Total.6 1D.6 2D.6 3D.6 4D.6   Total.7      1D.7      2D.7      3D.7      4D.7  Total.8     1D.8     2D.8     3D.8     4D.8 Total.9 Total.10 Total.11 Total.12 Total.13 Total.14 Total.15 Total.16 Total.17
        NaN 2008-01-01 61.589493  57.573586 58.977809 64.536326 69.914965         .         .         .         .        .       .    .    .    .    . 2610.308928 2755.560708 2262.149327 2626.458112 3675.283758 71.020483 69.277421 68.761342 73.880813 75.392528         .         .         .         .         .       .    .    .    .    . 18.628079 22.170910 17.255084 16.519033 21.082354 0.007135 0.008303 0.007489 0.006384 0.005944       .        .        .        .        .        .        .        .        .
        NaN 2008-02-01 62.080807  58.432516 59.533838 64.758738 70.119147  0.007977  0.014919  0.009428  0.003446  0.00292       .    .    .    .    . 2631.131985 2796.670400 2283.476353 2635.509710 3686.017173 72.809413 73.651347 69.735096 74.376388 75.743615  0.025189  0.063136  0.014161  0.006708  0.004657       .    .    .    .    . 19.097301 23.570701 17.499439 16.629839 21.180530 0.007253 0.008679 0.007521 0.006404 0.005963       .        .        .        .        .        .        .        .        .
        NaN 2008-03-01 62.925163  59.844546 60.453613 65.258142 70.427675  0.013601  0.024165   0.01545  0.007712   0.0044       .    .    .    .    . 2666.917795 2864.252336 2318.755185 2655.834106 3702.235830 75.334263 79.973149 70.713756 75.384088 76.296444  0.034678  0.085834  0.014034  0.013549  0.007299       .    .    .    .    . 19.759548 25.593873 17.745026 16.855151 21.335120 0.007399 0.009169 0.007515 0.006443 0.005985       .        .        .        .        .        .        .        .        .

TAIL
 Unnamed: 0       Data      Total                                                                         1D         2D         3D         4D   Total.1      1D.1      2D.1      3D.1      4D.1   Total.2      1D.2      2D.2      3D.2      4D.2      Total.3         1D.3         2D.3         3D.3         4D.3    Total.4       1D.4       2D.4       3D.4       4D.4   Total.5      1D.5      2D.5      3D.5      4D.5   Total.6      1D.6      2D.6      3D.6      4D.6   Total.7      1D.7      2D.7      3D.7      4D.7  Total.8     1D.8     2D.8     3D.8     4D.8     Total.9  Total.10  Total.11      Total.12    Total.13  Total.14  Total.15   Total.16  Total.17
        NaN 2026-01-01 281.137588                                                                 293.606222 273.363991 283.818258 271.691211   0.00154  0.000385  0.003066   0.00106  0.000332  0.042958  0.037099  0.043432  0.049098  0.042777 11915.278460 14052.446992 10485.133023 11550.653914 14282.239808 240.028777 259.610860 232.053797 238.450898 198.426290  0.004282  0.002796  0.006931  0.000833  0.008217  0.074033  0.071429  0.071391  0.081607  0.077808 62.957544 83.083477 58.231960 53.315309 55.486842 0.005250 0.005858 0.005506 0.004603 0.003872   98.885191  0.000618  0.026414  10472.007922  124.822958  0.008542  0.086231  59.593592  0.005971
        NaN 2026-02-01 281.839600                                                                 294.337207 274.085761 284.559156 272.112890  0.002497   0.00249   0.00264   0.00261  0.001552   0.04151  0.034982   0.04261  0.047704  0.040778 11945.031392 14087.433061 10512.817167 11580.806498 14304.406596 241.250631 260.775999 233.784887 239.033889 198.981082   0.00509  0.004488   0.00746  0.002445  0.002796  0.066733  0.062134  0.067484  0.071253  0.070578 63.278025 83.456357 58.666362 53.445660 55.641981 0.005263 0.005868 0.005532 0.004603 0.003876   98.834878 -0.000509  0.022305  10466.679695  125.629138  0.006459  0.086289  59.978483  0.006012
        NaN 2026-03-01 283.024851                                                                 295.494687 275.696577 285.535429 272.162029  0.004205  0.003932  0.005877  0.003431  0.000181  0.043628  0.036622  0.046925  0.048573   0.03872 11995.265142 14142.831883 10574.601533 11620.538241 14306.989702 242.590534 262.099236 235.161702 240.587861 199.467712  0.005554  0.005074  0.005889  0.006501  0.002446  0.061249  0.055167  0.065581  0.061579  0.065378 63.629471 83.879834 59.011862 53.793113 55.778060 0.005270 0.005876 0.005532 0.004616 0.003886   99.062432  0.002302  0.021848   10490.77785  126.322444  0.005519  0.084744  60.309484  0.006031
        NaN 2026-04-01 283.573277                                                                 296.512125 276.435011 285.549943 271.939184  0.001938  0.003443  0.002678  0.000051 -0.000819  0.042762  0.038534  0.047046   0.04392   0.03526 12018.508733 14191.527995 10602.924870 11621.128895 14295.275211 244.775008 264.193743 237.178044 243.787710 199.726380  0.009005  0.007991  0.008574    0.0133  0.001297  0.059823  0.052725  0.066997  0.060538  0.049575 64.202440 84.550141 59.517846 54.508568 55.850392 0.005308 0.005905 0.005565 0.004677 0.003894   99.230461  0.001696  0.020876  10508.572242  126.913442  0.004678  0.080527  60.591642  0.006047
        NaN 2026-05-01 284.206945                                                                 296.985494 277.384879 285.902163 272.538254  0.002235  0.001596  0.003436  0.001233  0.002203  0.042308  0.038133  0.046685  0.042368  0.037491 12045.365070 14214.184209 10639.357931 11635.463330 14326.767054 246.558401 266.007336 238.707678 246.058792 201.222859  0.007286  0.006865  0.006449  0.009316  0.007493  0.058702  0.050442  0.064705  0.061643  0.054154 64.670209 85.130546 59.901695 55.016360 56.268859 0.005335 0.005936 0.005582 0.004714 0.003916   99.516367  0.002881  0.020419  10538.849847  127.742353  0.006531  0.080296  60.987384   0.00607
        NaN 2026-06-01 284.430986                                                                 296.486698 277.461609 286.658352 274.178623  0.000788  -0.00168  0.000277  0.002645  0.006019  0.038356  0.032375  0.040209  0.041354  0.042007 12054.860472 14190.311032 10642.301007 11666.238230 14412.997868 247.729246 266.804221 239.918048 247.567083 202.667981  0.004749  0.002996  0.005071   0.00613  0.007182  0.057343  0.046033  0.062459  0.066273  0.053304 64.977312 85.385574 60.205428 55.353599 56.672965 0.005357 0.005965 0.005610 0.004730 0.003919    99.76723  0.002521  0.020065  10565.416404  128.761296  0.007977  0.082174  61.473853  0.006107
        NaN 2026-07-01 285.469048                                                                 296.997219 278.356823 288.331732 275.701597   0.00365  0.001722  0.003226  0.005838  0.005555  0.036979  0.029568  0.035921  0.044026  0.046247 12098.856016 14214.745356 10676.637763 11734.340355 14493.057411 248.491203 267.109373 240.766108 248.615544 203.968248  0.003076  0.001144  0.003535  0.004235  0.006416  0.055297  0.041192  0.057485  0.071538  0.059106 65.177167 85.483232 60.418241 55.588025 57.036565 0.005354 0.005961 0.005612 0.004723 0.003922  100.112841  0.003464  0.019371  10602.016894   129.32502  0.004378  0.078222  61.742989  0.006113
        NaN        NaT        NaN                                                                        NaN        NaN        NaN        NaN       NaN       NaN       NaN       NaN       NaN       NaN       NaN       NaN       NaN       NaN          NaN          NaN          NaN          NaN          NaN        NaN        NaN        NaN        NaN        NaN       NaN       NaN       NaN       NaN       NaN       NaN       NaN       NaN       NaN       NaN       NaN       NaN       NaN       NaN       NaN      NaN      NaN      NaN      NaN      NaN         NaN       NaN       NaN           NaN         NaN       NaN       NaN        NaN       NaN
        NaN        NaT        NaN Nota: Os preços considerados para o cálculo são médias móveis trimestrais.        NaN        NaN        NaN       NaN       NaN       NaN       NaN       NaN       NaN       NaN       NaN       NaN       NaN          NaN          NaN          NaN          NaN          NaN        NaN        NaN        NaN        NaN        NaN       NaN       NaN       NaN       NaN       NaN       NaN       NaN       NaN       NaN       NaN       NaN       NaN       NaN       NaN       NaN      NaN      NaN      NaN      NaN      NaN         NaN       NaN       NaN           NaN         NaN       NaN       NaN        NaN       NaN
        NaN        NaT        NaN                                                         Fonte: ZAP e IBGE.        NaN        NaN        NaN       NaN       NaN       NaN       NaN       NaN       NaN       NaN       NaN       NaN       NaN          NaN          NaN          NaN          NaN          NaN        NaN        NaN        NaN        NaN        NaN       NaN       NaN       NaN       NaN       NaN       NaN       NaN       NaN       NaN       NaN       NaN       NaN       NaN       NaN       NaN      NaN      NaN      NaN      NaN      NaN         NaN       NaN       NaN           NaN         NaN       NaN       NaN        NaN       NaN
        NaN        NaT        NaN                         Note: Monthly prices are 3-months moving averages.        NaN        NaN        NaN       NaN       NaN       NaN       NaN       NaN       NaN       NaN       NaN       NaN       NaN          NaN          NaN          NaN          NaN          NaN        NaN        NaN        NaN        NaN        NaN       NaN       NaN       NaN       NaN       NaN       NaN       NaN       NaN       NaN       NaN       NaN       NaN       NaN       NaN       NaN      NaN      NaN      NaN      NaN      NaN         NaN       NaN       NaN           NaN         NaN       NaN       NaN        NaN       NaN
        NaN        NaT        NaN                                                      Source: ZAP and IBGE.        NaN        NaN        NaN       NaN       NaN       NaN       NaN       NaN       NaN       NaN       NaN       NaN       NaN          NaN          NaN          NaN          NaN          NaN        NaN        NaN        NaN        NaN        NaN       NaN       NaN       NaN       NaN       NaN       NaN       NaN       NaN       NaN       NaN       NaN       NaN       NaN       NaN       NaN      NaN      NaN      NaN      NaN      NaN         NaN       NaN       NaN           NaN         NaN       NaN       NaN        NaN       NaN
